<?xml version="1.0"?>
<opencv_storage>
<extrinsic type_id="opencv-matrix">
  <rows>4</rows>
  <cols>4</cols>
  <dt>d</dt>
  <data>
    9.5882800356594533e-01 -2.7462210890378230e-01
    7.2329502134209134e-02 1.4446849029669417e+02 1.5832380087634462e-01
    7.2836046197264159e-01 6.6665179180068801e-01
    -6.9658991339280306e+01 -2.3575927055751383e-01
    -6.2775292491253221e-01 7.4185162371592184e-01
    6.8535184003206280e+02 0. 0. 0. 1.</data></extrinsic>
<intrinsic type_id="opencv-matrix">
  <rows>3</rows>
  <cols>3</cols>
  <dt>d</dt>
  <data>
    9.2662756697704106e+02 0. 9.8157467210281868e+02 0.
    8.4107171260112636e+02 4.9722311839631300e+02 0. 0. 1.</data></intrinsic>
<distortion type_id="opencv-matrix">
  <rows>1</rows>
  <cols>5</cols>
  <dt>d</dt>
  <data>
    8.9825075251125278e-02 -3.1131645772876377e-02
    -3.7580041857024564e-02 -1.1130685094679269e-02
    -3.3015939769398532e-02</data></distortion>
</opencv_storage>
