<?xml version="1.0"?>
<opencv_storage>
<SensorSN>"4103159790"</SensorSN>
<LenseSN>"372440"</LenseSN>
<ReprojectionError>8.6060834173167267e-01</ReprojectionError>
<numOfCheckerPatterns>8</numOfCheckerPatterns>
<extrinsic type_id="opencv-matrix">
  <rows>4</rows>
  <cols>4</cols>
  <dt>d</dt>
  <data>
    9.9053744327663418e-01 1.0859692406060137e-01
    -8.3918302840111592e-02 -2.2848543960878814e+02
    -1.1407006758429941e-03 6.1795227893253624e-01
    7.8621477966523445e-01 -1.2143032663982132e+02
    1.3723801320682558e-01 -7.7867945205113831e-01
    6.1222874702547425e-01 6.5641696321574534e+02 0. 0. 0. 1.</data></extrinsic>
<intrinsic type_id="opencv-matrix">
  <rows>3</rows>
  <cols>3</cols>
  <dt>d</dt>
  <data>
    1.1790878791341538e+03 0. 6.4628483856165042e+02 0.
    1.1982941382799806e+03 4.6788065411646295e+02 0. 0. 1.</data></intrinsic>
<distortion type_id="opencv-matrix">
  <rows>1</rows>
  <cols>5</cols>
  <dt>d</dt>
  <data>
    -1.7382903280447934e-01 1.5377604155767835e-01
    -1.6535837082805060e-03 5.3349812739294546e-04
    4.0310365885655383e-02</data></distortion>
</opencv_storage>
